118327888
571881878
180498372
231219420
292942255
226844548
141793512
29336038
335266231
265131804
294053934
41184794
289161090
308839684
327954025
220388212
293117575
367450758
546442545
144366879
508952498
141453243
170635885
551394782
169122653
462820808
256406452
169137131
164281950
390260645
241220644
313439620
203788790
559766433
256494251
268154567
2690563
264590566
180892958
230998004
505710609
40456351
209835586
338071568
180940031
204930164
446684934
101710820
159754478
470523734
318161812
277739702
205908700
155750541
334422186
494263281
181388745
49796196
9326296
83468729
337916205
215836977
307584669
173217836
347651325
228094651
389985201
180911568
201573160
511907841
186078959
576212195
176462887
527252787
110906456
254446615
171426989
143595346
202061032
199436778
407962537
545853211
273919157
216980657
248410093
95644832
216744998
403510247
282412385
476550664
312772745
151929596
430687253
318952638
445954872
405983847
149424237
351131870
38190900
30676952
334118643
336411158
369060407
221295561
126204557
487537688
231354402
207681600
445832297
191439057
238406718
253403819
513166089
337872196
399264124
368118975
57349148
286305819
186317069
106297557
199228022
210057492
190661069
293535054
421782572
470629435
177215638
369200537
140638756
165939528
303291850
102186032
379574345
