234861842
224276357
36696202
239918786
385618832
206492127
422778637
317799153
295936399
377897130
390260645
397851979
273741747
334412237
156665337
320886472
159754478
277739702
530310060
467073495
541467416
184759726
236478173
543214391
204394192
199516046
344199573
232417383
533923538
559579361
273131308
564732416
327501475
23306486
338351179
395123230
235833469
215098706
485628457
7207680
188842623
334118643
368108857
369060407
561194852
428922226
222889365
1114473
238406718
441732772
252459141
388276004
2579191
367527032
103284313
250273281
509083522
568633014
385921968
225205889
297819869
357565795
401142274
430071459
192144613
242895460
