254232005
78074944
196097260
265131804
391293532
206492127
501061202
317799153
251728987
260800280
175492493
450214747
551394782
284588867
163521755
212405769
390260645
260371402
281547987
273741747
175296597
358368554
559766433
180892958
230998004
128287167
274901050
209760449
320602256
378232246
385086479
334422186
209682364
449043576
32007105
276512037
196344497
181952946
140828244
288321673
420474880
559933782
424812769
207369945
536902404
169283666
254446615
359261750
296476091
177905256
416517701
417733488
227312802
267248922
190018100
238724318
312772745
165540041
488926472
327501475
10425943
545674108
445546216
419199
235833469
292269530
334118643
190325049
109882325
137527301
459590652
243811130
304368430
428922226
349899572
198907386
499665991
441732772
268487747
510574823
318973112
167108680
103284313
237179796
256343023
120296815
254016998
558893307
297819869
210197270
303291850
214871608
119463471
202468758
84800918
379574345
143510276
