478622139
294890831
456918962
417017590
480370641
106474066
459940091
388460044
426794113
13026430
204754873
350360056
362786001
249591929
8023433
145522617
315317943
465314484
487998077
217674677
312808641
246981840
117526416
286074013
75079135
199922
418273006
378364000
176665346
9929849
138154854
296513111
491256702
4427112
286306271
336562397
400418558
57355252
289503372
459554930
507051769
532759574
424385884
356462046
243228239
58289602
470783857
279409248
304572230
307603528
376833478
217042133
311533598
67637000
274703882
2526579
290059722
484034618
288270762
196152981
55480334
25399945
238071928
545974768
345273646
254360632
178950228
360552629
443809661
253235001
335775680
286510683
179324312
195680093
528273952
31107549
85157371
561912901
335427773
3884314
294514740
3108640
372837187
370816252
504062823
431193999
436613069
465177051
382613896
416170836
8268690
340977460
394549688
208268186
388453504
492674574
309520876
243285607
14519741
304132999
310142917
218442253
369666089
325867290
475359976
510403577
548168567
441416973
399448244
446777960
409462225
448632459
2407323
411011623
321670637
500121332
435596756
17972687
393900757
438283186
347155920
85634492
259318050
229367494
10479599
38785063
213272804
207681600
232926410
535783293
507395661
511668280
50990540
238810714
218770179
525952762
464963305
559863233
292331864
272028627
156452629
230957830
272679732
501344179
415466249
392144869
66707466
251471448
376288222
502377637
181092940
480441840
488155393
279290946
30879887
314043033
187769241
231757482
325558162
512833950
496365015
27912514
424133193
255993988
282614283
336567685
224209976
233690682
485064471
329067051
79546919
290087110
482397786
