571881878
138737868
385618832
386056142
265131804
465486965
576704201
206492127
280197077
105387335
390260645
14936960
376132214
195862817
369489484
159754478
277739702
530310060
541467416
334422186
331826525
335523096
196344497
182539071
344199573
7461726
1895166
254446615
215776624
417733488
148059102
389521786
431643448
229533046
238724318
327501475
235833469
275354554
111409263
334118643
234121852
4019981
369060407
289980897
561194852
428922226
365514058
135176841
441732772
536428077
429369949
230366706
212101382
254016998
226054127
19655832
142928122
117190354
223333909
297819869
303291850
377353140
379574345
