553872073
3970960
29092223
349542570
196097260
520216454
385618832
72514357
77473025
533237186
457670870
349055743
513194494
265131804
398065217
206492127
2874778
205228313
24718104
553846100
317799153
205475142
254593984
143490169
345511188
767261
390260645
173216731
179783972
375692761
534749152
496923090
375513172
72473101
196461415
374812789
150953159
372821713
277739702
352510537
13561046
202233456
334422186
292054857
525498895
183788962
224511412
205730261
212852276
92349545
196344497
202203698
420474880
225421289
345706485
501783856
230463783
367998447
416517701
417733488
122207783
203050943
165540041
327501475
561114075
196041177
259468881
390153713
445546216
414735401
290777857
501064372
233084304
223961346
181919047
534735733
295822515
332688217
457935123
355649630
447081668
369060407
561194852
428922226
270063797
207681600
181907373
349899572
238406718
75716634
538077521
359219382
253403819
211400758
416237077
156961319
196603033
247444185
21521433
265659063
323254074
291225857
117190354
21779428
297819869
239426641
303291850
214871608
148388962
460676207
202468758
245084153
306284800
273596071
379574345
