177967006
282019860
185002186
196097260
318691762
456757497
385618832
265131804
206492127
317799153
97483664
269893971
551394782
271828536
358849502
357122911
390260645
291739411
351980334
518444890
7022444
201627431
269822596
201753807
159754478
277739702
136194820
172366224
193735197
334422186
261404315
196344497
254446615
416517701
417733488
460733452
479442257
197405673
289441262
49831600
180584401
165540041
432702663
327501475
214807096
150923290
235833469
411738653
334118643
50597913
4019981
561194852
26630908
428922226
207681600
349899572
267938767
251500922
147692923
238406718
441732772
390495050
253403819
509231471
274344365
183064232
254016998
117190354
435189426
297819869
303291850
377353140
379574345
