406820125
497422335
506313213
224620224
467827139
37690023
34517445
530430659
323878977
202947485
413623023
513000087
405138212
368434283
371717995
259621
206986161
225515093
209454461
507004894
328617260
225453993
321310833
550372150
273431823
523120264
542107719
89723646
559031699
280517563
483863703
21495364
55475466
323643875
358115613
506969515
408503662
358413327
531165149
97386551
268966595
226373080
4567413
341365537
540285246
244226055
437624876
439729264
391086314
478126836
475154052
420375988
199819777
270509524
344216183
281335076
308786998
40133943
81943589
88487936
126758349
250638
451099448
429575251
399330483
485578173
61416289
450605524
223013627
528788771
184806662
267973767
3860529
226034736
312272733
555095522
3896312
356544531
255684
10390056
220949841
577708603
570875119
466458762
322133630
476381216
457387200
375131971
492275211
496174333
132659502
536108976
507159705
475292862
560271685
190779220
516421943
352751402
249224479
244465704
471456759
425210105
299523237
507342857
206007705
515151368
479807914
216186366
311112849
512835253
571762889
476942241
268938479
243108799
310140587
168532980
234486475
181663825
442303881
424205870
354281766
394245343
374455068
