445984142
531288
234861842
259553601
41746508
149630998
438208524
271433493
395839812
92719271
152261502
443303495
377897130
324215056
382466750
433817749
468787396
348358184
351754669
352619283
245212765
409040035
385746355
446958112
275193580
256476986
329476884
320886472
253953971
474912559
227301305
473018880
433868279
310248816
293824483
336927997
209205600
17456157
543214391
447516656
204394192
530675103
475859364
145827
559579361
6453535
222546953
305494404
455236036
564732416
263523578
292223627
273607211
242101752
338351179
432358219
368108857
537104922
341416665
343614974
173906281
141419751
547786948
152155346
334799959
326209795
454364365
358538647
243571527
207681600
389493700
267594261
260359940
446295543
222889365
293853717
246351415
446228260
228659662
378457994
338690993
410690489
281842482
555952801
326428454
174503627
71542031
181644779
316551129
320962249
285938894
348741581
444981405
520212958
444204999
434335077
172137050
459041628
